0 90.856 -3.02377
1 89.2906 -6.20875
2 90.0507 -4.67696
3 88.9204 -1.46839
4 87.7546 1.53081
5 88.2336 1.57853
6 88.4388 1.52067
7 88.4034 1.56777
8 90.8222 -4.75525
9 90.8294 -7.97906
10 90.6486 -6.31772
11 93.3103 0.0425738
12 92.4372 -3.04439
13 91.2811 -3.27458
14 88.3679 3.03847
15 87.9097 1.757
16 88.6441 1.43028
17 88.5683 1.61732
18 88.4241 -1.52128
19 90.1445 -4.68847
20 91.3445 -4.76311
21 91.5666 -3.17681
22 89.1165 1.50667
23 88.5043 1.64526
24 88.5351 1.49391
25 90.3487 -4.69857
26 91.0603 -6.46533
27 90.2016 -6.2267
28 87.5012 19.0859
29 95.807 -0.380395
30 93.4274 -5.45163
31 89.4824 -0.423807
32 89.4174 -1.09559
33 89.0008 -1.71193
34 91.0209 -3.17322
35 90.1089 -7.87513
36 90.495 -6.32022
37 91.3958 -6.34346
38 91.6362 -4.80501
39 87.8671 18.1538
40 92.8843 2.60943
41 90.6436 -2.04157
42 87.9266 -3.2412
43 88.4043 -1.48289
44 88.4412 -0.017319
45 85.9587 -1.34015
46 87.7195 -1.52142
47 88.4801 -3.00277
48 90.2359 -4.69635
49 90.7356 -4.72141
50 89.8513 -7.80632
51 91.2811 -4.75808
52 87.9024 16.7518
53 90.81 3.73037
54 90.1638 -0.390027
55 91.0155 -1.52971
56 91.6445 -4.74823
57 91.0494 -4.82176
58 89.0102 0.0062537
59 88.5353 -1.41693
60 89.4636 -7.78961
61 89.7543 -7.86272
62 91.3079 -1.58767
63 91.8001 -3.13621
64 89.5297 1.25141
65 88.8982 -1.32415
66 89.4746 13.4995
67 95.5292 0.0315601
68 93.3476 -2.42759
69 90.1494 -7.81734
70 90.0171 -6.3751
71 86.9045 17.9657
72 95.799 -0.314387
73 91.7445 0.515679
74 88.5329 -1.55251
75 89.4303 -6.21434
76 91.2164 -6.35828
77 89.1877 3.0358
78 88.2261 3.41959
79 90.1881 -7.84978
80 90.9316 -8.08333
81 89.1538 3.04964
82 89.0578 3.47856
83 88.9845 2.93252
84 88.5286 1.60327
85 90.1071 -6.27092
86 90.9888 14.8935
87 94.1481 -4.61791
88 93.3467 -3.78477
89 88.722 4.57052
90 88.4422 3.33869
91 88.4705 1.40567
92 87.9249 1.54711
93 87.7958 -1.51376
94 87.8522 -1.55097
95 87.7939 3.05971
96 87.8461 3.10645
97 87.8555 3.04651
98 87.8494 1.56256
99 87.8644 1.51673
100 85.398 -1.33861
101 83.8979 -4.42043
102 86.436 1.51851
103 88.2126 0.14292
104 87.6533 -0.130549
105 84.6447 -2.75756
106 86.5551 1.50429
107 87.5724 1.71767
108 84.754 -0.119704
109 86.288 1.52879
110 87.718 1.55289
111 87.8503 1.52439
112 87.1413 3.04931
113 87.6211 1.54433
114 90.2087 -4.72099
115 89.664 -6.28247
116 89.2208 -6.20659
117 89.8066 -6.24564
118 90.7919 -3.13543
119 87.9689 16.8605
120 90.4561 5.68878
121 88.7743 2.72667
122 87.7011 0.00619175
123 87.8011 -1.51353
124 87.7966 -1.52463
125 87.73 -4.54723
126 87.3015 -3.1161
127 87.7245 1.54235
128 87.771 3.07856
129 87.1349 3.04675
130 88.7534 -7.75915
131 91.1285 -5.00157
132 89.0792 -2.84379
133 89.0479 -4.64959
134 88.4121 2.94269
135 88.4577 3.30867
136 87.5657 2.95797
137 87.5376 1.58621
138 88.2809 -0.0130673
139 88.3942 -3.02345
140 88.2216 16.3818
141 95.9254 -3.35571
142 91.9979 1.63442
143 88.9095 3.19338
144 88.3945 1.57254
145 87.9266 -1.51885
146 89.5376 -4.65443
147 88.6513 -7.72074
148 89.8316 -4.64495
149 88.4869 -1.44971
150 90.2387 -4.76949
151 91.1992 -3.15904
152 90.5564 -3.11507
153 88.492 -0.0764904
154 87.9545 0.0566094
155 87.8818 -1.53148
156 87.7948 -1.51619
157 89.6147 -3.12051
158 90.0183 -6.26476
159 88.639 2.89935
160 91.8127 -3.02588
161 89.9424 -0.66948
162 88.277 0.0558456
163 87.8037 -1.52142
164 87.7967 -1.53401
165 89.596 -4.71031
166 88.5978 -1.6877
167 87.4565 -2.91118
168 87.9696 -0.0604245
169 88.0112 3.1191
170 87.8045 3.06024
171 87.1663 1.53325
172 87.6218 1.52232
173 89.7328 -3.1636
174 88.8674 1.28357
175 87.5846 3.20008
176 87.7332 1.52966
177 87.7968 1.52323
178 87.199 0.0283536
179 87.0477 1.48985
180 87.0217 3.06638
181 86.9654 3.03643
182 87.6433 0.0221621
183 87.0946 -4.54802
184 89.5392 -3.03605
185 91.0065 -3.17768
186 88.6555 -1.62737
187 88.3958 -6.13411
188 91.8545 -1.51021
189 91.5886 -6.007
190 91.6071 -4.8601
191 89.379 -4.55284
192 87.601 16.4682
193 93.3139 -2.69409
194 90.6196 -2.42216
195 85.5471 -0.07014
196 84.6728 0.110254
197 86.5184 -2.99613
198 84.6135 2.75948
199 84.7493 3.14429
200 87.4091 0.0167529
201 87.2244 1.5202
202 87.6506 0.0231068
203 85.4128 1.35435
204 87.1938 -0.00440742
205 87.8892 -3.07022
206 90.1807 -4.69619
207 89.4583 -7.78983
208 88.6291 -6.20014
209 89.1361 -6.20322
210 87.2563 2.76263
211 87.5917 3.31285
212 88.1233 1.49098
213 87.8654 0.0274785
214 87.8101 -1.52501
215 90.1811 -4.72771
216 88.8807 2.86291
217 88.604 1.81003
218 88.3188 -0.0691601
219 88.4817 -1.52244
220 89.6487 -6.23967
221 89.9251 -7.82948
222 90.7397 -4.7173
223 89.6525 -6.19645
224 90.0724 -4.68166
225 86.433 17.9692
226 94.5557 -3.54287
227 92.2551 -10.0711
228 89.5604 -0.713646
229 89.293 3.67394
230 88.2785 1.55498
231 87.8022 1.51949
232 90.3482 -6.37795
233 89.4161 -8.05838
234 90.6309 -4.71988
235 89.5225 -7.75629
236 87.8202 -3.26234
237 87.2041 3.0945
238 87.7427 1.55626
239 89.5632 -6.24273
240 90.0101 -7.85147
241 89.8296 -9.41048
242 89.9821 -7.84436
243 90.2234 -3.1372
244 87.9676 20.0656
245 92.1555 5.11915
246 89.9094 2.70897
247 87.8897 1.49988
248 87.8267 1.54308
249 87.7986 1.5242
250 87.8256 -1.50314
251 87.8353 -3.08003
252 89.598 -4.696
253 90.0337 17.0519
254 94.8261 -0.108403
255 91.5132 19.0905
256 95.4559 -0.676622
257 92.6297 -8.91228
258 89.024 -1.88072
259 88.7863 0.335995
260 88.3468 1.4516
261 87.9244 1.56735
262 87.8418 3.03274
263 89.3176 -6.18576
264 90.0758 15.2981
265 93.6213 -3.78546
266 91.6693 -7.1048
267 88.6247 1.40349
268 88.6409 1.85907
269 88.4476 1.42842
270 90.4837 -6.37346
271 91.7169 -6.53659
272 90.0158 -7.71938
273 90.1612 -4.69615
274 89.7404 -6.16241
275 90.124 -6.27339
276 88.4314 0.00135279
277 87.9224 1.59345
278 87.9228 1.52114
279 87.843 0.0306023
280 87.8283 -1.5285
281 90.2829 -1.55546
282 90.3668 -3.1342
283 88.4425 2.97633
284 88.1836 3.20679