2
1 72 359 0 0 0 352 0
2 13 8 0 0 0 352 0
4
1 108 356 0 0 0 352 0
2 91 358 0 0 0 352 0
3 72 359 0 0 0 352 0
4 13 9 0 0 0 352 0
4
1 108 356 0 0 0 352 0
2 90 356 0 0 0 352 0
3 79 5 0 0 0 352 0
4 13 11 0 0 0 352 0
4
1 109 356 0 0 0 352 0
2 91 357 0 0 0 352 0
3 74 5 0 0 0 352 0
4 13 13 0 0 0 352 0
2
1 88 359 0 0 0 352 0
2 13 14 0 0 0 352 0
2
1 87 1 0 0 0 352 0
2 13 14 0 0 0 352 0
3
1 197 357 0 0 0 352 0
2 88 1 0 0 0 352 0
3 13 14 0 0 0 352 0
4
1 197 357 0 0 0 351 0
2 88 1 0 0 0 351 0
3 193 5 0 0 0 351 0
4 13 15 0 0 0 351 0
3
1 198 357 0 0 0 351 0
2 88 1 0 0 0 351 0
3 13 13 0 0 0 351 0
4
1 197 357 0 0 0 351 0
2 100 358 0 0 0 351 0
3 71 0 0 0 0 351 0
4 13 12 0 0 0 351 0
4
1 109 357 0 0 0 351 0
2 92 357 0 0 0 351 0
3 71 359 0 0 0 351 0
4 14 9 0 0 0 351 0
2
1 70 359 0 0 0 351 0
2 14 9 0 0 0 351 0
2
1 74 358 0 0 0 351 0
2 14 9 0 0 0 351 0
2
1 74 359 0 0 0 351 0
2 14 8 0 0 0 351 0
3
1 91 355 0 0 0 351 0
2 75 4 0 0 0 351 0
3 13 9 0 0 0 351 0
2
1 75 1 0 0 0 351 0
2 13 10 0 0 0 351 0
2
1 79 359 0 0 0 351 0
2 13 11 0 0 0 351 0
3
1 108 357 0 0 0 351 0
2 72 0 0 0 0 351 0
3 13 11 0 0 0 351 0
4
1 91 356 0 0 0 352 0
2 107 357 0 0 0 352 0
3 74 6 0 0 0 352 0
4 13 12 0 0 0 352 0
3
1 109 357 0 0 0 353 0
2 79 0 0 0 0 353 0
3 13 13 0 0 0 353 0
4
1 107 357 0 0 0 353 0
2 95 0 0 0 0 353 0
3 77 7 0 0 0 353 0
4 13 13 0 0 0 353 0
3
1 198 357 0 0 0 353 0
2 88 1 0 0 0 353 0
3 13 12 0 0 0 353 0
2
1 88 0 0 0 0 353 0
2 14 9 0 0 0 353 0
3
1 90 355 0 0 0 352 0
2 71 359 0 0 0 352 0
3 14 8 0 0 0 352 0
2
1 71 359 0 0 0 352 0
2 14 5 0 0 0 352 0
2
1 72 358 0 0 0 352 0
2 14 5 0 0 0 352 0
2
1 74 4 0 0 0 352 0
2 14 7 0 0 0 352 0
2
1 71 358 0 0 0 352 0
2 14 8 0 0 0 352 0
2
1 71 359 0 0 0 353 0
2 13 10 0 0 0 353 0
2
1 74 6 0 0 0 354 0
2 13 11 0 0 0 354 0
3
1 90 357 0 0 0 354 0
2 71 359 0 0 0 354 0
3 13 12 0 0 0 354 0
4
1 107 357 0 0 0 355 0
2 92 358 0 0 0 355 0
3 74 7 0 0 0 355 0
4 13 13 0 0 0 355 0
4
1 91 358 0 0 0 355 0
2 107 358 0 0 0 355 0
3 76 6 0 0 0 355 0
4 13 12 0 0 0 355 0
3
1 198 357 0 0 0 356 0
2 87 2 0 0 0 356 0
3 13 13 0 0 0 356 0
4
1 198 357 0 0 0 356 0
2 87 1 0 0 0 356 0
3 193 5 0 0 0 356 0
4 17 6 0 0 0 356 0
3
1 198 357 0 0 0 356 0
2 88 1 0 0 0 356 0
3 14 10 0 0 0 356 0
3
1 197 357 0 0 0 355 0
2 88 1 0 0 0 355 0
3 17 4 0 0 0 355 0
3
1 197 356 0 0 0 355 0
2 88 359 0 0 0 355 0
3 14 9 0 0 0 355 0
4
1 108 357 0 0 0 354 0
2 91 357 0 0 0 354 0
3 75 3 0 0 0 354 0
4 14 9 0 0 0 354 0
2
1 79 358 0 0 0 354 0
2 14 8 0 0 0 354 0
2
1 74 1 0 0 0 354 0
2 13 10 0 0 0 354 0
2
1 70 0 0 0 0 354 0
2 13 10 0 0 0 354 0
2
1 74 2 0 0 0 354 0
2 13 11 0 0 0 354 0
2
1 71 0 0 0 0 354 0
2 13 11 0 0 0 354 0
5
1 109 357 0 0 0 355 0
2 92 357 0 0 0 355 0
3 71 359 0 0 0 355 0
4 83 12 0 0 0 355 0
5 12 14 0 0 0 355 0
4
1 107 358 0 0 0 355 0
2 92 358 0 0 0 355 0
3 72 1 0 0 0 355 0
4 12 14 0 0 0 355 0
2
1 88 1 0 0 0 356 0
2 13 13 0 0 0 356 0
5
1 198 357 0 0 0 356 0
2 104 0 0 0 0 356 0
3 75 4 0 0 0 356 0
4 193 6 0 0 0 356 0
5 13 13 0 0 0 356 0
4
1 198 357 0 0 0 355 0
2 88 1 0 0 0 355 0
3 193 5 0 0 0 355 0
4 12 14 0 0 0 355 0
2
1 88 1 0 0 0 354 0
2 12 14 0 0 0 354 0
4
1 107 356 0 0 0 353 0
2 198 357 0 0 0 353 0
3 79 1 0 0 0 353 0
4 12 13 0 0 0 353 0
2
1 73 0 0 0 0 352 0
2 12 12 0 0 0 352 0
3
1 91 357 0 0 0 352 0
2 74 5 0 0 0 352 0
3 12 12 0 0 0 352 0
2
1 71 358 0 0 0 352 0
2 13 11 0 0 0 352 0
3
1 91 356 0 0 0 352 0
2 70 0 0 0 0 352 0
3 12 13 0 0 0 352 0
3
1 108 356 0 0 0 353 0
2 77 7 0 0 0 353 0
3 12 13 0 0 0 353 0
5
1 90 356 0 0 0 353 0
2 109 357 0 0 0 353 0
3 71 359 0 0 0 353 0
4 87 13 0 0 0 353 0
5 13 14 0 0 0 353 0
4
1 91 357 0 0 0 354 0
2 108 357 0 0 0 354 0
3 78 7 0 0 0 354 0
4 13 14 0 0 0 354 0
5
1 108 356 0 0 0 354 0
2 91 357 0 0 0 354 0
3 197 357 0 0 0 354 0
4 77 6 0 0 0 354 0
5 13 14 0 0 0 354 0
4
1 108 357 0 0 0 354 0
2 197 357 0 0 0 354 0
3 79 2 0 0 0 354 0
4 12 14 0 0 0 354 0
3
1 198 357 0 0 0 354 0
2 88 0 0 0 0 354 0
3 12 13 0 0 0 354 0
2
1 88 359 0 0 0 353 0
2 14 10 0 0 0 353 0
2
1 88 359 0 0 0 353 0
2 14 10 0 0 0 353 0
3
1 92 358 0 0 0 352 0
2 71 359 0 0 0 352 0
3 13 11 0 0 0 352 0
3
1 90 355 0 0 0 352 0
2 69 359 0 0 0 352 0
3 12 13 0 0 0 352 0
2
1 77 6 0 0 0 353 0
2 12 14 0 0 0 353 0
3
1 91 356 0 0 0 353 0
2 75 6 0 0 0 353 0
3 13 15 0 0 0 353 0
4
1 92 356 0 0 0 353 0
2 107 357 0 0 0 353 0
3 77 7 0 0 0 353 0
4 13 15 0 0 0 353 0
5
1 108 357 0 0 0 354 0
2 92 357 0 0 0 354 0
3 72 0 0 0 0 354 0
4 87 12 0 0 0 354 0
5 13 15 0 0 0 354 0
3
1 87 358 0 0 0 354 0
2 88 12 0 0 0 354 0
3 13 15 0 0 0 354 0
3
1 109 357 0 0 0 355 0
2 80 1 0 0 0 355 0
3 12 14 0 0 0 355 0
2
1 88 359 0 0 0 355 0
2 12 14 0 0 0 355 0
2
1 88 359 0 0 0 355 0
2 14 9 0 0 0 355 0
2
1 87 358 0 0 0 354 0
2 14 9 0 0 0 354 0
2
1 88 359 0 0 0 354 0
2 14 9 0 0 0 354 0
2
1 88 0 0 0 0 355 0
2 13 12 0 0 0 355 0
2
1 84 359 0 0 0 355 0
2 12 13 0 0 0 355 0
2
1 88 359 0 0 0 355 0
2 12 14 0 0 0 355 0
3
1 96 358 0 0 0 355 0
2 77 5 0 0 0 355 0
3 12 14 0 0 0 355 0
3
1 100 358 0 0 0 355 0
2 76 2 0 0 0 355 0
3 13 14 0 0 0 355 0
2
1 88 358 0 0 0 355 0
2 13 13 0 0 0 355 0
4
1 109 356 0 0 0 354 0
2 91 357 0 0 0 354 0
3 75 2 0 0 0 354 0
4 12 13 0 0 0 354 0
3
1 110 356 0 0 0 354 0
2 72 359 0 0 0 354 0
3 12 12 0 0 0 354 0
4
1 109 356 0 0 0 354 0
2 91 357 0 0 0 354 0
3 71 358 0 0 0 354 0
4 12 12 0 0 0 354 0
4
1 90 355 0 0 0 354 0
2 108 356 0 0 0 354 0
3 74 5 0 0 0 354 0
4 12 13 0 0 0 354 0
5
1 108 356 0 0 0 353 0
2 197 357 0 0 0 353 0
3 92 357 0 0 0 353 0
4 74 1 0 0 0 353 0
5 12 13 0 0 0 353 0
5
1 197 356 0 0 0 353 0
2 108 357 0 0 0 353 0
3 78 358 0 0 0 353 0
4 88 11 0 0 0 353 0
5 13 12 0 0 0 353 0
3
1 96 359 0 0 0 353 0
2 72 0 0 0 0 353 0
3 13 12 0 0 0 353 0
2
1 86 0 0 0 0 352 0
2 13 11 0 0 0 352 0
3
1 198 357 0 0 0 352 0
2 88 0 0 0 0 352 0
3 13 11 0 0 0 352 0
3
1 96 358 0 0 0 353 0
2 75 4 0 0 0 353 0
3 13 12 0 0 0 353 0
3
1 108 358 0 0 0 353 0
2 79 0 0 0 0 353 0
3 13 11 0 0 0 353 0
4
1 107 358 0 0 0 353 0
2 92 359 0 0 0 353 0
3 74 5 0 0 0 353 0
4 13 12 0 0 0 353 0
4
1 110 356 0 0 0 353 0
2 92 357 0 0 0 353 0
3 74 5 0 0 0 353 0
4 13 11 0 0 0 353 0
4
1 100 356 0 0 0 352 0
2 197 357 0 0 0 352 0
3 78 5 0 0 0 352 0
4 13 12 0 0 0 352 0
3
1 109 355 0 0 0 352 0
2 80 359 0 0 0 352 0
3 13 12 0 0 0 352 0
5
1 108 357 0 0 0 351 0
2 91 357 0 0 0 351 0
3 197 357 0 0 0 351 0
4 75 5 0 0 0 351 0
5 13 12 0 0 0 351 0
3
1 99 356 0 0 0 351 0
2 72 5 0 0 0 351 0
3 13 12 0 0 0 351 0
3
1 107 357 0 0 0 351 0
2 78 5 0 0 0 351 0
3 13 11 0 0 0 351 0
3
1 108 356 0 0 0 351 0
2 71 359 0 0 0 351 0
3 13 11 0 0 0 351 0
3
1 108 356 0 0 0 350 0
2 72 358 0 0 0 350 0
3 13 11 0 0 0 350 0
2
1 75 2 0 0 0 350 0
2 13 10 0 0 0 350 0
3
1 105 357 0 0 0 350 0
2 74 3 0 0 0 350 0
3 14 8 0 0 0 350 0
3
1 108 356 0 0 0 350 0
2 80 0 0 0 0 350 0
3 14 8 0 0 0 350 0
3
1 108 357 0 0 0 350 0
2 80 359 0 0 0 350 0
3 14 8 0 0 0 350 0
3
1 101 358 0 0 0 351 0
2 75 5 0 0 0 351 0
3 14 9 0 0 0 351 0
3
1 197 357 0 0 0 351 0
2 88 0 0 0 0 351 0
3 14 10 0 0 0 351 0
2
1 88 359 0 0 0 351 0
2 13 12 0 0 0 351 0
4
1 112 357 0 0 0 351 0
2 197 357 0 0 0 351 0
3 79 2 0 0 0 351 0
4 13 13 0 0 0 351 0
3
1 104 357 0 0 0 351 0
2 77 6 0 0 0 351 0
3 13 13 0 0 0 351 0
4
1 90 355 0 0 0 350 0
2 110 356 0 0 0 350 0
3 79 6 0 0 0 350 0
4 13 13 0 0 0 350 0
4
1 90 355 0 0 0 350 0
2 110 356 0 0 0 350 0
3 74 5 0 0 0 350 0
4 13 13 0 0 0 350 0
3
1 108 357 0 0 0 350 0
2 74 0 0 0 0 350 0
3 13 12 0 0 0 350 0
3
1 108 356 0 0 0 351 0
2 75 4 0 0 0 351 0
3 13 9 0 0 0 351 0
4
1 108 357 0 0 0 351 0
2 92 359 0 0 0 351 0
3 74 5 0 0 0 351 0
4 14 7 0 0 0 351 0
3
1 100 359 0 0 0 352 0
2 70 0 0 0 0 352 0
3 15 5 0 0 0 352 0
3
1 92 358 0 0 0 353 0
2 74 5 0 0 0 353 0
3 15 6 0 0 0 353 0
4
1 197 357 0 0 0 354 0
2 109 357 0 0 0 354 0
3 79 1 0 0 0 354 0
4 15 8 0 0 0 354 0
2
1 83 2 0 0 0 354 0
2 14 10 0 0 0 354 0
2
1 88 1 0 0 0 354 0
2 13 13 0 0 0 354 0
2
1 88 359 0 0 0 354 0
2 13 14 0 0 0 354 0
3
1 107 356 0 0 0 354 0
2 78 3 0 0 0 354 0
3 13 14 0 0 0 354 0
3
1 108 356 0 0 0 353 0
2 79 0 0 0 0 353 0
3 12 13 0 0 0 353 0
5
1 108 355 0 0 0 352 0
2 197 356 0 0 0 352 0
3 76 357 0 0 0 352 0
4 89 9 0 0 0 352 0
5 13 10 0 0 0 352 0
2
1 74 4 0 0 0 352 0
2 14 8 0 0 0 352 0
3
1 109 355 0 0 0 352 0
2 70 359 0 0 0 352 0
3 14 6 0 0 0 352 0
3
1 104 357 0 0 0 352 0
2 76 0 0 0 0 352 0
3 15 5 0 0 0 352 0
4
1 108 357 0 0 0 352 0
2 93 359 0 0 0 352 0
3 75 3 0 0 0 352 0
4 15 6 0 0 0 352 0
4
1 110 356 0 0 0 352 0
2 91 359 0 0 0 352 0
3 74 4 0 0 0 352 0
4 14 8 0 0 0 352 0
3
1 90 355 0 0 0 352 0
2 72 358 0 0 0 352 0
3 13 10 0 0 0 352 0
3
1 110 356 0 0 0 352 0
2 69 0 0 0 0 352 0
3 13 11 0 0 0 352 0
4
1 108 356 0 0 0 353 0
2 72 359 0 0 0 353 0
3 83 11 0 0 0 353 0
4 12 14 0 0 0 353 0
3
1 109 356 0 0 0 353 0
2 76 7 0 0 0 353 0
3 12 14 0 0 0 353 0
5
1 109 356 0 0 0 353 0
2 90 356 0 0 0 353 0
3 71 359 0 0 0 353 0
4 87 12 0 0 0 353 0
5 13 14 0 0 0 353 0
4
1 108 356 0 0 0 353 0
2 91 357 0 0 0 353 0
3 74 5 0 0 0 353 0
4 13 14 0 0 0 353 0
2
1 88 1 0 0 0 353 0
2 12 15 0 0 0 353 0
4
1 197 356 0 0 0 352 0
2 98 358 0 0 0 352 0
3 74 4 0 0 0 352 0
4 14 11 0 0 0 352 0
4
1 197 355 0 0 0 352 0
2 100 358 0 0 0 352 0
3 75 4 0 0 0 352 0
4 14 9 0 0 0 352 0
3
1 197 357 0 0 0 351 0
2 88 359 0 0 0 351 0
3 14 8 0 0 0 351 0
4
1 197 356 0 0 0 351 0
2 100 357 0 0 0 351 0
3 73 358 0 0 0 351 0
4 14 8 0 0 0 351 0
3
1 90 356 0 0 0 352 0
2 71 359 0 0 0 352 0
3 14 9 0 0 0 352 0
2
1 77 359 0 0 0 352 0
2 13 12 0 0 0 352 0
4
1 92 356 0 0 0 353 0
2 110 356 0 0 0 353 0
3 77 6 0 0 0 353 0
4 13 14 0 0 0 353 0
2
1 87 2 0 0 0 354 0
2 13 16 0 0 0 354 0
4
1 197 357 0 0 0 353 0
2 88 2 0 0 0 353 0
3 181 12 0 0 0 353 0
4 13 16 0 0 0 353 0
2
1 87 2 0 0 0 353 0
2 13 15 0 0 0 353 0
4
1 110 355 0 0 0 353 0
2 92 357 0 0 0 353 0
3 78 6 0 0 0 353 0
4 13 14 0 0 0 353 0
4
1 109 355 0 0 0 352 0
2 91 355 0 0 0 352 0
3 77 4 0 0 0 352 0
4 12 13 0 0 0 352 0
2
1 72 358 0 0 0 352 0
2 13 9 0 0 0 352 0
2
1 71 358 0 0 0 351 0
2 14 5 0 0 0 351 0
2
1 70 358 0 0 0 351 0
2 15 2 0 0 0 351 0
2
1 72 358 0 0 0 352 0
2 15 3 0 0 0 352 0
3
1 91 355 0 0 0 352 0
2 72 359 0 0 0 352 0
3 14 9 0 0 0 352 0
3
1 103 359 0 0 0 353 0
2 75 5 0 0 0 353 0
3 13 15 0 0 0 353 0
5
1 198 357 0 0 0 354 0
2 88 2 0 0 0 354 0
3 194 6 0 0 0 354 0
4 182 12 0 0 0 354 0
5 13 17 0 0 0 354 0
4
1 198 357 0 0 0 354 0
2 88 2 0 0 0 354 0
3 193 6 0 0 0 354 0
4 13 19 0 0 0 354 0
4
1 88 2 0 0 0 354 0
2 193 6 0 0 0 354 0
3 182 12 0 0 0 354 0
4 13 18 0 0 0 354 0
2
1 88 1 0 0 0 354 0
2 13 15 0 0 0 354 0
3
1 108 356 0 0 0 354 0
2 80 0 0 0 0 354 0
3 12 13 0 0 0 354 0
5
1 110 355 0 0 0 353 0
2 91 356 0 0 0 353 0
3 70 359 0 0 0 353 0
4 90 10 0 0 0 353 0
5 13 11 0 0 0 353 0
3
1 109 355 0 0 0 353 0
2 74 357 0 0 0 353 0
3 14 6 0 0 0 353 0
3
1 90 355 0 0 0 352 0
2 72 357 0 0 0 352 0
3 16 2 0 0 0 352 0
2
1 71 358 0 0 0 352 0
2 14 5 0 0 0 352 0
3
1 92 358 0 0 0 351 0
2 72 358 0 0 0 351 0
3 14 7 0 0 0 351 0
2
1 79 358 0 0 0 352 0
2 13 13 0 0 0 352 0
3
1 198 358 0 0 0 353 0
2 87 2 0 0 0 353 0
3 13 16 0 0 0 353 0
4
1 88 3 0 0 0 353 0
2 194 6 0 0 0 353 0
3 182 12 0 0 0 353 0
4 13 17 0 0 0 353 0
5
1 197 358 0 0 0 354 0
2 88 2 0 0 0 354 0
3 193 6 0 0 0 354 0
4 182 12 0 0 0 354 0
5 13 17 0 0 0 354 0
3
1 198 358 0 0 0 354 0
2 88 1 0 0 0 354 0
3 13 16 0 0 0 354 0
3
1 198 357 0 0 0 354 0
2 88 1 0 0 0 354 0
3 13 14 0 0 0 354 0
2
1 88 359 0 0 0 354 0
2 12 14 0 0 0 354 0
3
1 108 356 0 0 0 353 0
2 80 359 0 0 0 353 0
3 14 7 0 0 0 353 0
3
1 109 355 0 0 0 352 0
2 71 358 0 0 0 352 0
3 14 6 0 0 0 352 0
2
1 72 357 0 0 0 352 0
2 14 6 0 0 0 352 0
3
1 94 358 0 0 0 351 0
2 72 358 0 0 0 351 0
3 14 6 0 0 0 351 0
2
1 72 359 0 0 0 351 0
2 12 12 0 0 0 351 0
3
1 197 358 0 0 0 351 0
2 88 359 0 0 0 351 0
3 13 14 0 0 0 351 0
3
1 88 2 0 0 0 352 0
2 193 6 0 0 0 352 0
3 13 16 0 0 0 352 0
5
1 88 2 0 0 0 353 0
2 168 4 0 0 0 353 0
3 193 6 0 0 0 353 0
4 181 12 0 0 0 353 0
5 13 17 0 0 0 353 0
5
1 197 357 0 0 0 354 0
2 88 2 0 0 0 354 0
3 193 6 0 0 0 354 0
4 181 12 0 0 0 354 0
5 13 17 0 0 0 354 0
4
1 198 357 0 0 0 354 0
2 88 1 0 0 0 354 0
3 193 6 0 0 0 354 0
4 13 15 0 0 0 354 0
3
1 88 1 0 0 0 354 0
2 193 6 0 0 0 354 0
3 12 15 0 0 0 354 0
2
1 84 359 0 0 0 354 0
2 12 13 0 0 0 354 0
2
1 83 357 0 0 0 354 0
2 14 7 0 0 0 354 0
3
1 92 356 0 0 0 353 0
2 71 358 0 0 0 353 0
3 14 6 0 0 0 353 0
2
1 73 359 0 0 0 353 0
2 14 6 0 0 0 353 0
3
1 92 358 0 0 0 353 0
2 73 0 0 0 0 353 0
3 13 9 0 0 0 353 0
2
1 78 5 0 0 0 353 0
2 13 10 0 0 0 353 0
2
1 72 0 0 0 0 353 0
2 13 12 0 0 0 353 0
2
1 76 7 0 0 0 354 0
2 13 13 0 0 0 354 0
4
1 109 356 0 0 0 355 0
2 90 357 0 0 0 355 0
3 71 359 0 0 0 355 0
4 13 13 0 0 0 355 0
4
1 90 357 0 0 0 356 0
2 107 358 0 0 0 356 0
3 77 5 0 0 0 356 0
4 13 13 0 0 0 356 0
3
1 198 358 0 0 0 356 0
2 88 1 0 0 0 356 0
3 14 10 0 0 0 356 0
2
1 88 2 0 0 0 357 0
2 14 10 0 0 0 357 0
4
1 197 358 0 0 0 357 0
2 88 2 0 0 0 357 0
3 17 5 0 0 0 357 0
4 193 6 0 0 0 357 0
4
1 198 357 0 0 0 357 0
2 87 1 0 0 0 357 0
3 17 5 0 0 0 357 0
4 193 6 0 0 0 357 0
3
1 88 0 0 0 0 357 0
2 17 4 0 0 0 357 0
3 193 5 0 0 0 357 0
4
1 198 356 0 0 0 356 0
2 87 0 0 0 0 356 0
3 193 4 0 0 0 356 0
4 14 8 0 0 0 356 0
2
1 83 358 0 0 0 355 0
2 14 8 0 0 0 355 0
2
1 71 358 0 0 0 354 0
2 13 9 0 0 0 354 0
3
1 91 357 0 0 0 353 0
2 72 359 0 0 0 353 0
3 13 8 0 0 0 353 0
2
1 72 359 0 0 0 354 0
2 13 9 0 0 0 354 0
2
1 72 0 0 0 0 354 0
2 14 8 0 0 0 354 0
3
1 91 357 0 0 0 354 0
2 74 1 0 0 0 354 0
3 13 8 0 0 0 354 0
4
1 110 356 0 0 0 354 0
2 90 357 0 0 0 354 0
3 70 359 0 0 0 354 0
4 14 9 0 0 0 354 0
3
1 99 356 0 0 0 354 0
2 73 0 0 0 0 354 0
3 14 9 0 0 0 354 0
3
1 108 356 0 0 0 354 0
2 78 358 0 0 0 354 0
3 14 9 0 0 0 354 0
3
1 109 356 0 0 0 353 0
2 79 359 0 0 0 353 0
3 14 9 0 0 0 353 0
3
1 98 358 0 0 0 353 0
2 74 4 0 0 0 353 0
3 14 9 0 0 0 353 0
2
1 87 1 0 0 0 353 0
2 14 9 0 0 0 353 0
2
1 87 1 0 0 0 352 0
2 13 9 0 0 0 352 0
2
1 83 0 0 0 0 352 0
2 13 11 0 0 0 352 0
2
1 88 359 0 0 0 352 0
2 13 11 0 0 0 352 0
2
1 88 1 0 0 0 351 0
2 13 11 0 0 0 351 0
2
1 88 0 0 0 0 351 0
2 13 11 0 0 0 351 0
2
1 88 359 0 0 0 351 0
2 13 11 0 0 0 351 0
3
1 100 357 0 0 0 351 0
2 75 4 0 0 0 351 0
3 13 11 0 0 0 351 0
3
1 107 356 0 0 0 351 0
2 72 359 0 0 0 351 0
3 13 10 0 0 0 351 0
3
1 109 356 0 0 0 351 0
2 74 358 0 0 0 351 0
3 13 9 0 0 0 351 0
2
1 72 359 0 0 0 351 0
2 13 8 0 0 0 351 0
2
1 71 359 0 0 0 352 0
2 13 7 0 0 0 352 0
3
1 92 359 0 0 0 352 0
2 71 359 0 0 0 352 0
3 13 7 0 0 0 352 0
3
1 89 355 0 0 0 352 0
2 75 2 0 0 0 352 0
3 13 9 0 0 0 352 0
2
1 87 1 0 0 0 352 0
2 13 12 0 0 0 352 0
5
1 198 357 0 0 0 352 0
2 88 1 0 0 0 352 0
3 193 5 0 0 0 352 0
4 181 12 0 0 0 352 0
5 13 14 0 0 0 352 0
4
1 88 1 0 0 0 352 0
2 193 5 0 0 0 352 0
3 181 11 0 0 0 352 0
4 13 14 0 0 0 352 0
6
1 198 356 0 0 0 352 0
2 87 2 0 0 0 352 0
3 168 4 0 0 0 352 0
4 193 5 0 0 0 352 0
5 181 12 0 0 0 352 0
6 13 14 0 0 0 352 0
3
1 198 358 0 0 0 352 0
2 88 1 0 0 0 352 0
3 13 14 0 0 0 352 0
4
1 107 357 0 0 0 352 0
2 92 357 0 0 0 352 0
3 75 4 0 0 0 352 0
4 13 11 0 0 0 352 0
4
1 90 356 0 0 0 353 0
2 109 356 0 0 0 353 0
3 75 5 0 0 0 353 0
4 14 9 0 0 0 353 0
3
1 109 356 0 0 0 353 0
2 71 359 0 0 0 353 0
3 14 7 0 0 0 353 0
3
1 109 356 0 0 0 353 0
2 74 2 0 0 0 353 0
3 15 4 0 0 0 353 0
2
1 72 358 0 0 0 353 0
2 15 4 0 0 0 353 0
3
1 90 356 0 0 0 353 0
2 72 0 0 0 0 353 0
3 14 8 0 0 0 353 0
4
1 109 356 0 0 0 353 0
2 91 356 0 0 0 353 0
3 71 0 0 0 0 353 0
4 13 10 0 0 0 353 0
6
1 108 356 0 0 0 354 0
2 92 358 0 0 0 354 0
3 198 358 0 0 0 354 0
4 71 0 0 0 0 354 0
5 89 11 0 0 0 354 0
6 13 12 0 0 0 354 0
2
1 87 2 0 0 0 354 0
2 13 14 0 0 0 354 0
2
1 87 2 0 0 0 354 0
2 13 14 0 0 0 354 0
2
1 88 0 0 0 0 355 0
2 12 15 0 0 0 355 0
3
1 104 358 0 0 0 355 0
2 77 1 0 0 0 355 0
3 13 12 0 0 0 355 0
2
1 88 359 0 0 0 356 0
2 17 3 0 0 0 356 0
2
1 88 359 0 0 0 355 0
2 17 2 0 0 0 355 0
3
1 108 357 0 0 0 355 0
2 78 358 0 0 0 355 0
3 17 2 0 0 0 355 0
3
1 197 356 0 0 0 355 0
2 88 357 0 0 0 355 0
3 17 1 0 0 0 355 0
3
1 107 356 0 0 0 354 0
2 79 0 0 0 0 354 0
3 17 2 0 0 0 354 0
2
1 87 358 0 0 0 355 0
2 13 12 0 0 0 355 0
2
1 88 1 0 0 0 355 0
2 13 14 0 0 0 355 0
3
1 197 358 0 0 0 356 0
2 88 2 0 0 0 356 0
3 13 15 0 0 0 356 0
2
1 87 2 0 0 0 356 0
2 13 14 0 0 0 356 0
3
1 99 356 0 0 0 357 0
2 77 6 0 0 0 357 0
3 13 13 0 0 0 357 0
3
1 90 355 0 0 0 356 0
2 17 2 0 0 0 356 0
3 77 3 0 0 0 356 0
5
1 107 357 0 0 0 356 0
2 197 357 0 0 0 356 0
3 91 357 0 0 0 356 0
4 71 358 0 0 0 356 0
5 17 1 0 0 0 356 0
3
1 108 356 0 0 0 355 0
2 79 358 0 0 0 355 0
3 17 1 0 0 0 355 0
2
1 88 358 0 0 0 354 0
2 17 1 0 0 0 354 0
3
1 107 356 0 0 0 354 0
2 71 359 0 0 0 354 0
3 17 1 0 0 0 354 0
2
1 78 358 0 0 0 354 0
2 14 8 0 0 0 354 0
4
1 109 357 0 0 0 354 0
2 90 357 0 0 0 354 0
3 70 359 0 0 0 354 0
4 14 9 0 0 0 354 0
3
1 108 357 0 0 0 355 0
2 79 0 0 0 0 355 0
3 13 13 0 0 0 355 0
2
1 88 2 0 0 0 355 0
2 13 16 0 0 0 355 0
3
1 197 358 0 0 0 356 0
2 88 2 0 0 0 356 0
3 13 17 0 0 0 356 0
2
1 87 2 0 0 0 357 0
2 13 17 0 0 0 357 0
4
1 198 357 0 0 0 357 0
2 87 1 0 0 0 357 0
3 193 6 0 0 0 357 0
4 13 16 0 0 0 357 0
3
1 198 357 0 0 0 356 0
2 88 0 0 0 0 356 0
3 12 14 0 0 0 356 0
2
1 88 358 0 0 0 355 0
2 17 2 0 0 0 355 0
2
1 74 358 0 0 0 354 0
2 18 1 0 0 0 354 0
2
1 72 358 0 0 0 353 0
2 17 0 0 0 0 353 0
2
1 71 359 0 0 0 353 0
2 14 5 0 0 0 353 0
2
1 71 0 0 0 0 353 0
2 13 7 0 0 0 353 0
3
1 72 0 0 0 0 353 0
2 88 11 0 0 0 353 0
3 12 12 0 0 0 353 0
4
1 92 356 0 0 0 353 0
2 108 356 0 0 0 353 0
3 76 7 0 0 0 353 0
4 12 14 0 0 0 353 0
3
1 108 357 0 0 0 353 0
2 78 6 0 0 0 353 0
3 13 16 0 0 0 353 0
5
1 197 357 0 0 0 353 0
2 88 2 0 0 0 353 0
3 193 6 0 0 0 353 0
4 181 12 0 0 0 353 0
5 13 17 0 0 0 353 0
5
1 198 357 0 0 0 353 0
2 88 2 0 0 0 353 0
3 193 6 0 0 0 353 0
4 181 12 0 0 0 353 0
5 13 16 0 0 0 353 0
4
1 197 357 0 0 0 353 0
2 88 1 0 0 0 353 0
3 193 5 0 0 0 353 0
4 13 15 0 0 0 353 0
2
1 88 359 0 0 0 352 0
2 13 11 0 0 0 352 0
4
1 110 355 0 0 0 352 0
2 91 357 0 0 0 352 0
3 73 0 0 0 0 352 0
4 14 8 0 0 0 352 0
4
1 110 355 0 0 0 352 0
2 89 355 0 0 0 352 0
3 70 358 0 0 0 352 0
4 14 7 0 0 0 352 0
2
1 77 357 0 0 0 352 0
2 14 7 0 0 0 352 0
2
1 77 357 0 0 0 351 0
2 14 7 0 0 0 351 0
3
1 91 357 0 0 0 350 0
2 75 3 0 0 0 350 0
3 13 10 0 0 0 350 0
3
1 109 356 0 0 0 350 0
2 79 358 0 0 0 350 0
3 13 13 0 0 0 350 0
2
1 88 359 0 0 0 349 0
2 13 13 0 0 0 349 0
4
1 107 356 0 0 0 349 0
2 197 357 0 0 0 349 0
3 79 2 0 0 0 349 0
4 13 13 0 0 0 349 0
4
1 108 356 0 0 0 349 0
2 92 357 0 0 0 349 0
3 79 5 0 0 0 349 0
4 13 12 0 0 0 349 0
3
1 92 358 0 0 0 350 0
2 78 6 0 0 0 350 0
3 13 11 0 0 0 350 0
4
1 109 356 0 0 0 350 0
2 91 358 0 0 0 350 0
3 75 5 0 0 0 350 0
4 13 12 0 0 0 350 0
3
1 108 357 0 0 0 351 0
2 77 359 0 0 0 351 0
3 13 13 0 0 0 351 0
3
1 108 357 0 0 0 352 0
2 80 1 0 0 0 352 0
3 13 14 0 0 0 352 0
2
1 88 0 0 0 0 352 0
2 13 14 0 0 0 352 0
3
1 198 357 0 0 0 351 0
2 88 0 0 0 0 351 0
3 13 13 0 0 0 351 0
4
1 198 356 0 0 0 350 0
2 88 359 0 0 0 350 0
3 193 4 0 0 0 350 0
4 13 12 0 0 0 350 0
3
1 198 355 0 0 0 349 0
2 88 359 0 0 0 349 0
3 13 10 0 0 0 349 0
3
1 110 355 0 0 0 348 0
2 80 357 0 0 0 348 0
3 14 7 0 0 0 348 0
3
1 110 355 0 0 0 348 0
2 71 359 0 0 0 348 0
3 14 7 0 0 0 348 0
2
1 76 1 0 0 0 349 0
2 13 10 0 0 0 349 0
4
1 109 356 0 0 0 350 0
2 91 358 0 0 0 350 0
3 75 5 0 0 0 350 0
4 13 12 0 0 0 350 0
4
1 91 356 0 0 0 351 0
2 110 357 0 0 0 351 0
3 78 7 0 0 0 351 0
4 13 15 0 0 0 351 0
3
1 197 358 0 0 0 352 0
2 88 2 0 0 0 352 0
3 13 16 0 0 0 352 0
4
1 100 357 0 0 0 352 0
2 197 358 0 0 0 352 0
3 77 7 0 0 0 352 0
4 13 16 0 0 0 352 0
3
1 108 357 0 0 0 352 0
2 79 5 0 0 0 352 0
3 13 15 0 0 0 352 0
3
1 110 355 0 0 0 352 0
2 76 3 0 0 0 352 0
3 13 14 0 0 0 352 0
4
1 110 355 0 0 0 352 0
2 92 358 0 0 0 352 0
3 75 2 0 0 0 352 0
4 13 11 0 0 0 352 0
2
1 88 0 0 0 0 352 0
2 14 8 0 0 0 352 0
3
1 198 358 0 0 0 352 0
2 88 0 0 0 0 352 0
3 14 8 0 0 0 352 0
2
1 88 359 0 0 0 353 0
2 14 9 0 0 0 353 0
3
1 100 358 0 0 0 354 0
2 79 5 0 0 0 354 0
3 13 12 0 0 0 354 0
3
1 100 356 0 0 0 354 0
2 78 5 0 0 0 354 0
3 13 14 0 0 0 354 0
3
1 113 357 0 0 0 354 0
2 80 1 0 0 0 354 0
3 13 15 0 0 0 354 0
3
1 107 356 0 0 0 354 0
2 80 1 0 0 0 354 0
3 13 14 0 0 0 354 0
2
1 88 359 0 0 0 354 0
2 13 14 0 0 0 354 0
3
1 107 357 0 0 0 354 0
2 80 1 0 0 0 354 0
3 13 13 0 0 0 354 0
3
1 108 357 0 0 0 354 0
2 80 0 0 0 0 354 0
3 13 12 0 0 0 354 0
4
1 112 356 0 0 0 355 0
2 91 357 0 0 0 355 0
3 71 359 0 0 0 355 0
4 13 12 0 0 0 355 0
2
1 78 359 0 0 0 355 0
2 13 11 0 0 0 355 0
2
1 75 1 0 0 0 356 0
2 13 11 0 0 0 356 0
3
1 100 358 0 0 0 356 0
2 75 0 0 0 0 356 0
3 13 12 0 0 0 356 0
2
1 79 1 0 0 0 356 0
2 12 14 0 0 0 356 0
2
1 80 1 0 0 0 357 0
2 12 14 0 0 0 357 0
2
1 84 0 0 0 0 356 0
2 13 12 0 0 0 356 0
2
1 88 359 0 0 0 356 0
2 12 13 0 0 0 356 0
3
1 199 356 0 0 0 355 0
2 80 359 0 0 0 355 0
3 12 12 0 0 0 355 0
2
1 87 358 0 0 0 354 0
2 13 10 0 0 0 354 0
3
1 108 356 0 0 0 354 0
2 77 358 0 0 0 354 0
3 14 8 0 0 0 354 0
3
1 107 357 0 0 0 355 0
2 78 358 0 0 0 355 0
3 14 8 0 0 0 355 0
2
1 88 0 0 0 0 356 0
2 14 9 0 0 0 356 0
3
1 198 358 0 0 0 357 0
2 88 2 0 0 0 357 0
3 12 15 0 0 0 357 0
2
1 88 2 0 0 0 357 0
2 13 15 0 0 0 357 0
2
1 87 1 0 0 0 357 0
2 13 15 0 0 0 357 0
2
1 88 1 0 0 0 357 0
2 13 14 0 0 0 357 0
3
1 99 357 0 0 0 356 0
2 78 3 0 0 0 356 0
3 13 11 0 0 0 356 0
2
1 75 359 0 0 0 355 0
2 13 9 0 0 0 355 0
2
1 71 358 0 0 0 354 0
2 16 3 0 0 0 354 0
3
1 96 357 0 0 0 354 0
2 72 358 0 0 0 354 0
3 16 3 0 0 0 354 0
2
1 72 359 0 0 0 355 0
2 16 3 0 0 0 355 0
4
1 110 357 0 0 0 356 0
2 91 358 0 0 0 356 0
3 69 4 0 0 0 356 0
4 16 5 0 0 0 356 0
3
1 100 357 0 0 0 356 0
2 74 1 0 0 0 356 0
3 14 9 0 0 0 356 0
2
1 88 1 0 0 0 357 0
2 13 14 0 0 0 357 0
4
1 198 356 0 0 0 357 0
2 87 2 0 0 0 357 0
3 193 6 0 0 0 357 0
4 13 15 0 0 0 357 0
3
1 197 356 0 0 0 357 0
2 88 1 0 0 0 357 0
3 12 15 0 0 0 357 0
4
1 197 357 0 0 0 357 0
2 88 1 0 0 0 357 0
3 193 5 0 0 0 357 0
4 12 14 0 0 0 357 0
2
1 87 0 0 0 0 356 0
2 18 2 0 0 0 356 0
3
1 199 356 0 0 0 355 0
2 78 357 0 0 0 355 0
3 18 1 0 0 0 355 0
2
1 71 358 0 0 0 354 0
2 17 0 0 0 0 354 0
2
1 73 356 0 0 0 353 0
2 17 359 0 0 0 353 0
2
1 71 359 0 0 0 353 0
2 15 4 0 0 0 353 0
2
1 72 359 0 0 0 353 0
2 14 7 0 0 0 353 0
2
1 75 4 0 0 0 354 0
2 13 11 0 0 0 354 0
2
1 87 1 0 0 0 355 0
2 13 13 0 0 0 355 0
2
1 87 2 0 0 0 355 0
2 13 15 0 0 0 355 0
3
1 197 357 0 0 0 356 0
2 87 2 0 0 0 356 0
3 13 14 0 0 0 356 0
3
1 197 357 0 0 0 355 0
2 88 0 0 0 0 355 0
3 13 13 0 0 0 355 0
3
1 108 356 0 0 0 354 0
2 79 359 0 0 0 354 0
3 14 8 0 0 0 354 0
2
1 87 357 0 0 0 353 0
2 14 6 0 0 0 353 0
2
1 79 358 0 0 0 352 0
2 15 4 0 0 0 352 0
4
1 108 357 0 0 0 351 0
2 91 358 0 0 0 351 0
3 75 1 0 0 0 351 0
4 15 6 0 0 0 351 0
4
1 108 357 0 0 0 351 0
2 92 358 0 0 0 351 0
3 70 358 0 0 0 351 0
4 14 7 0 0 0 351 0
2
1 88 359 0 0 0 351 0
2 14 10 0 0 0 351 0
3
1 110 357 0 0 0 351 0
2 79 1 0 0 0 351 0
3 13 13 0 0 0 351 0
3
1 100 358 0 0 0 352 0
2 78 7 0 0 0 352 0
3 13 14 0 0 0 352 0
4
1 89 356 0 0 0 352 0
2 109 356 0 0 0 352 0
3 77 6 0 0 0 352 0
4 13 14 0 0 0 352 0
4
1 108 356 0 0 0 353 0
2 93 359 0 0 0 353 0
3 77 6 0 0 0 353 0
4 13 13 0 0 0 353 0
3
1 108 356 0 0 0 353 0
2 75 4 0 0 0 353 0
3 13 11 0 0 0 353 0
3
1 108 356 0 0 0 353 0
2 74 4 0 0 0 353 0
3 14 7 0 0 0 353 0
3
1 110 355 0 0 0 352 0
2 77 357 0 0 0 352 0
3 14 5 0 0 0 352 0
4
1 91 356 0 0 0 351 0
2 108 357 0 0 0 351 0
3 74 0 0 0 0 351 0
4 15 4 0 0 0 351 0
2
1 78 358 0 0 0 351 0
2 14 6 0 0 0 351 0
4
1 92 357 0 0 0 351 0
2 108 357 0 0 0 351 0
3 75 4 0 0 0 351 0
4 14 8 0 0 0 351 0
3
1 108 358 0 0 0 352 0
2 79 358 0 0 0 352 0
3 14 10 0 0 0 352 0
3
1 108 358 0 0 0 352 0
2 78 359 0 0 0 352 0
3 13 12 0 0 0 352 0
3
1 100 358 0 0 0 353 0
2 77 6 0 0 0 353 0
3 13 14 0 0 0 353 0
5
1 107 357 0 0 0 354 0
2 89 357 0 0 0 354 0
3 72 359 0 0 0 354 0
4 88 11 0 0 0 354 0
5 13 14 0 0 0 354 0
4
1 89 356 0 0 0 354 0
2 108 357 0 0 0 354 0
3 77 6 0 0 0 354 0
4 13 14 0 0 0 354 0
3
1 108 357 0 0 0 355 0
2 79 0 0 0 0 355 0
3 13 13 0 0 0 355 0
3
1 111 356 0 0 0 355 0
2 78 3 0 0 0 355 0
3 13 12 0 0 0 355 0
4
1 114 357 0 0 0 356 0
2 197 357 0 0 0 356 0
3 83 0 0 0 0 356 0
4 14 7 0 0 0 356 0
3
1 198 357 0 0 0 356 0
2 88 359 0 0 0 356 0
3 17 3 0 0 0 356 0
4
1 197 357 0 0 0 356 0
2 108 358 0 0 0 356 0
3 79 0 0 0 0 356 0
4 17 3 0 0 0 356 0
3
1 197 356 0 0 0 356 0
2 84 0 0 0 0 356 0
3 17 3 0 0 0 356 0
2
1 84 0 0 0 0 355 0
2 17 4 0 0 0 355 0
2
1 87 358 0 0 0 356 0
2 14 10 0 0 0 356 0
2
1 83 2 0 0 0 356 0
2 12 14 0 0 0 356 0
2
1 84 2 0 0 0 356 0
2 12 14 0 0 0 356 0
3
1 91 358 0 0 0 356 0
2 76 4 0 0 0 356 0
3 12 14 0 0 0 356 0
3
1 99 357 0 0 0 356 0
2 77 2 0 0 0 356 0
3 12 13 0 0 0 356 0
2
1 76 6 0 0 0 356 0
2 12 12 0 0 0 356 0
2
1 71 359 0 0 0 355 0
2 16 3 0 0 0 355 0
3
1 110 356 0 0 0 355 0
2 71 359 0 0 0 355 0
3 17 2 0 0 0 355 0
3
1 109 356 0 0 0 355 0
2 79 358 0 0 0 355 0
3 17 2 0 0 0 355 0
4
1 197 356 0 0 0 355 0
2 100 357 0 0 0 355 0
3 17 2 0 0 0 355 0
4 75 3 0 0 0 355 0
4
1 197 356 0 0 0 355 0
2 100 357 0 0 0 355 0
3 70 359 0 0 0 355 0
4 17 2 0 0 0 355 0
4
1 198 357 0 0 0 355 0
2 109 358 0 0 0 355 0
3 79 2 0 0 0 355 0
4 17 4 0 0 0 355 0
3
1 197 357 0 0 0 356 0
2 88 0 0 0 0 356 0
3 13 12 0 0 0 356 0
2
1 87 1 0 0 0 356 0
2 13 14 0 0 0 356 0
2
1 88 0 0 0 0 355 0
2 12 14 0 0 0 355 0
2
1 84 1 0 0 0 355 0
2 12 14 0 0 0 355 0
3
1 198 356 0 0 0 355 0
2 88 0 0 0 0 355 0
3 13 11 0 0 0 355 0
2
1 88 358 0 0 0 354 0
2 15 7 0 0 0 354 0
5
1 108 356 0 0 0 353 0
2 92 357 0 0 0 353 0
3 198 357 0 0 0 353 0
4 72 358 0 0 0 353 0
5 15 6 0 0 0 353 0
4
1 90 355 0 0 0 352 0
2 108 356 0 0 0 352 0
3 72 357 0 0 0 352 0
4 14 6 0 0 0 352 0
3
1 110 355 0 0 0 352 0
2 72 358 0 0 0 352 0
3 14 6 0 0 0 352 0
3
1 109 356 0 0 0 352 0
2 72 359 0 0 0 352 0
3 14 8 0 0 0 352 0
3
1 89 356 0 0 0 353 0
2 71 359 0 0 0 353 0
3 13 10 0 0 0 353 0
4
1 90 356 0 0 0 354 0
2 71 359 0 0 0 354 0
3 83 11 0 0 0 354 0
4 13 12 0 0 0 354 0
3
1 109 357 0 0 0 354 0
2 73 6 0 0 0 354 0
3 13 13 0 0 0 354 0
2
1 86 2 0 0 0 354 0
2 13 13 0 0 0 354 0
2
1 87 2 0 0 0 354 0
2 13 14 0 0 0 354 0
2
1 88 1 0 0 0 354 0
2 13 13 0 0 0 354 0
3
1 198 356 0 0 0 353 0
2 88 0 0 0 0 353 0
3 14 8 0 0 0 353 0
2
1 88 359 0 0 0 352 0
2 15 7 0 0 0 352 0
3
1 97 357 0 0 0 351 0
2 75 1 0 0 0 351 0
3 15 6 0 0 0 351 0
2
1 72 358 0 0 0 351 0
2 14 6 0 0 0 351 0
2
1 71 358 0 0 0 351 0
2 14 7 0 0 0 351 0
3
1 93 359 0 0 0 351 0
2 72 359 0 0 0 351 0
3 13 9 0 0 0 351 0
3
1 93 359 0 0 0 352 0
2 70 0 0 0 0 352 0
3 13 11 0 0 0 352 0
3
1 109 357 0 0 0 353 0
2 69 0 0 0 0 353 0
3 13 14 0 0 0 353 0
4
1 109 356 0 0 0 353 0
2 92 357 0 0 0 353 0
3 77 7 0 0 0 353 0
4 13 15 0 0 0 353 0
2
1 88 2 0 0 0 354 0
2 13 16 0 0 0 354 0
5
1 198 356 0 0 0 354 0
2 88 1 0 0 0 354 0
3 194 5 0 0 0 354 0
4 182 12 0 0 0 354 0
5 13 15 0 0 0 354 0
3
1 198 357 0 0 0 354 0
2 88 0 0 0 0 354 0
3 13 12 0 0 0 354 0
3
1 198 356 0 0 0 353 0
2 89 359 0 0 0 353 0
3 15 7 0 0 0 353 0
4
1 91 356 0 0 0 352 0
2 108 356 0 0 0 352 0
3 71 358 0 0 0 352 0
4 15 4 0 0 0 352 0
4
1 109 355 0 0 0 352 0
2 91 355 0 0 0 352 0
3 72 358 0 0 0 352 0
4 15 5 0 0 0 352 0
4
1 109 355 0 0 0 352 0
2 92 357 0 0 0 352 0
3 71 358 0 0 0 352 0
4 14 7 0 0 0 352 0
3
1 90 356 0 0 0 353 0
2 71 0 0 0 0 353 0
3 13 10 0 0 0 353 0
4
1 107 357 0 0 0 354 0
2 91 357 0 0 0 354 0
3 75 5 0 0 0 354 0
4 13 13 0 0 0 354 0
4
1 108 357 0 0 0 354 0
2 70 0 0 0 0 354 0
3 87 12 0 0 0 354 0
4 13 14 0 0 0 354 0
3
1 108 356 0 0 0 354 0
2 78 1 0 0 0 354 0
3 13 15 0 0 0 354 0
4
1 90 355 0 0 0 353 0
2 110 355 0 0 0 353 0
3 77 5 0 0 0 353 0
4 13 13 0 0 0 353 0
4
1 91 354 0 0 0 352 0
2 110 355 0 0 0 352 0
3 74 4 0 0 0 352 0
4 13 12 0 0 0 352 0
2
1 72 358 0 0 0 351 0
2 13 8 0 0 0 351 0
3
1 109 356 0 0 0 350 0
2 72 359 0 0 0 350 0
3 14 6 0 0 0 350 0
2
1 88 0 0 0 0 351 0
2 15 7 0 0 0 351 0
2
1 88 2 0 0 0 353 0
2 15 9 0 0 0 353 0
4
1 105 0 0 0 0 354 0
2 193 6 0 0 0 354 0
3 78 7 0 0 0 354 0
4 13 13 0 0 0 354 0
4
1 88 1 0 0 0 355 0
2 193 6 0 0 0 355 0
3 182 12 0 0 0 355 0
4 13 14 0 0 0 355 0
2
1 88 1 0 0 0 355 0
2 13 15 0 0 0 355 0
3
1 108 356 0 0 0 354 0
2 79 3 0 0 0 354 0
3 13 14 0 0 0 354 0
4
1 109 355 0 0 0 353 0
2 92 356 0 0 0 353 0
3 78 4 0 0 0 353 0
4 13 13 0 0 0 353 0
4
1 89 355 0 0 0 352 0
2 108 355 0 0 0 352 0
3 75 3 0 0 0 352 0
4 13 11 0 0 0 352 0
4
1 109 355 0 0 0 351 0
2 92 357 0 0 0 351 0
3 72 359 0 0 0 351 0
4 15 4 0 0 0 351 0
4
1 90 355 0 0 0 351 0
2 108 356 0 0 0 351 0
3 72 359 0 0 0 351 0
4 16 2 0 0 0 351 0
2
1 87 358 0 0 0 352 0
2 16 3 0 0 0 352 0
3
1 110 356 0 0 0 353 0
2 71 0 0 0 0 353 0
3 15 5 0 0 0 353 0
3
1 108 357 0 0 0 354 0
2 74 5 0 0 0 354 0
3 14 10 0 0 0 354 0
4
1 108 357 0 0 0 355 0
2 197 358 0 0 0 355 0
3 79 5 0 0 0 355 0
4 13 15 0 0 0 355 0
2
1 87 2 0 0 0 356 0
2 13 16 0 0 0 356 0
4
1 197 357 0 0 0 355 0
2 88 1 0 0 0 355 0
3 181 12 0 0 0 355 0
4 13 16 0 0 0 355 0
4
1 108 356 0 0 0 355 0
2 91 356 0 0 0 355 0
3 77 5 0 0 0 355 0
4 13 15 0 0 0 355 0
3
1 107 355 0 0 0 353 0
2 78 3 0 0 0 353 0
3 13 13 0 0 0 353 0
4
1 107 355 0 0 0 352 0
2 91 355 0 0 0 352 0
3 74 1 0 0 0 352 0
4 12 11 0 0 0 352 0
4
1 91 354 0 0 0 351 0
2 108 355 0 0 0 351 0
3 72 358 0 0 0 351 0
4 14 7 0 0 0 351 0
4
1 91 355 0 0 0 350 0
2 109 355 0 0 0 350 0
3 72 358 0 0 0 350 0
4 14 5 0 0 0 350 0
3
1 109 356 0 0 0 350 0
2 77 357 0 0 0 350 0
3 13 7 0 0 0 350 0
3
1 108 356 0 0 0 351 0
2 77 358 0 0 0 351 0
3 13 10 0 0 0 351 0
5
1 109 357 0 0 0 351 0
2 91 358 0 0 0 351 0
3 72 0 0 0 0 351 0
4 90 13 0 0 0 351 0
5 13 13 0 0 0 351 0
3
1 95 358 0 0 0 352 0
2 77 7 0 0 0 352 0
3 13 15 0 0 0 352 0
2
1 88 1 0 0 0 352 0
2 13 16 0 0 0 352 0
5
1 198 357 0 0 0 352 0
2 88 2 0 0 0 352 0
3 193 5 0 0 0 352 0
4 181 12 0 0 0 352 0
5 13 16 0 0 0 352 0
4
1 88 1 0 0 0 352 0
2 193 5 0 0 0 352 0
3 181 11 0 0 0 352 0
4 13 15 0 0 0 352 0
4
1 198 357 0 0 0 351 0
2 88 1 0 0 0 351 0
3 193 5 0 0 0 351 0
4 13 14 0 0 0 351 0
3
1 198 356 0 0 0 351 0
2 88 1 0 0 0 351 0
3 13 13 0 0 0 351 0
3
1 198 356 0 0 0 350 0
2 88 359 0 0 0 350 0
3 13 10 0 0 0 350 0
3
1 108 356 0 0 0 350 0
2 79 1 0 0 0 350 0
3 14 8 0 0 0 350 0
2
1 88 358 0 0 0 349 0
2 14 8 0 0 0 349 0
5
1 108 356 0 0 0 349 0
2 91 357 0 0 0 349 0
3 72 359 0 0 0 349 0
4 13 9 0 0 0 349 0
5 91 11 0 0 0 349 0
3
1 109 356 0 0 0 349 0
2 79 359 0 0 0 349 0
3 13 11 0 0 0 349 0
3
1 109 356 0 0 0 350 0
2 80 1 0 0 0 350 0
3 13 13 0 0 0 350 0
5
1 108 356 0 0 0 351 0
2 91 358 0 0 0 351 0
3 72 359 0 0 0 351 0
4 90 13 0 0 0 351 0
5 13 13 0 0 0 351 0
4
1 110 356 0 0 0 351 0
2 92 358 0 0 0 351 0
3 75 5 0 0 0 351 0
4 13 14 0 0 0 351 0
4
1 91 355 0 0 0 352 0
2 109 357 0 0 0 352 0
3 75 4 0 0 0 352 0
4 13 14 0 0 0 352 0
3
1 109 355 0 0 0 352 0
2 78 3 0 0 0 352 0
3 13 14 0 0 0 352 0
3
1 100 356 0 0 0 351 0
2 75 4 0 0 0 351 0
3 13 12 0 0 0 351 0
2
1 84 0 0 0 0 351 0
2 13 11 0 0 0 351 0
3
1 198 357 0 0 0 351 0
2 88 359 0 0 0 351 0
3 14 8 0 0 0 351 0
3
1 198 357 0 0 0 351 0
2 88 0 0 0 0 351 0
3 14 9 0 0 0 351 0
3
1 198 358 0 0 0 351 0
2 88 1 0 0 0 351 0
3 14 10 0 0 0 351 0
2
1 88 1 0 0 0 352 0
2 13 13 0 0 0 352 0
2
1 88 2 0 0 0 353 0
2 13 14 0 0 0 353 0
5
1 90 356 0 0 0 353 0
2 108 357 0 0 0 353 0
3 71 359 0 0 0 353 0
4 88 11 0 0 0 353 0
5 13 14 0 0 0 353 0
3
1 72 359 0 0 0 353 0
2 83 11 0 0 0 353 0
3 13 13 0 0 0 353 0
3
1 72 359 0 0 0 353 0
2 83 11 0 0 0 353 0
3 12 12 0 0 0 353 0
2
1 72 359 0 0 0 353 0
2 13 10 0 0 0 353 0
3
1 90 356 0 0 0 352 0
2 71 359 0 0 0 352 0
3 14 7 0 0 0 352 0
4
1 90 356 0 0 0 353 0
2 198 356 0 0 0 353 0
3 72 359 0 0 0 353 0
4 15 6 0 0 0 353 0
4
1 198 357 0 0 0 353 0
2 108 359 0 0 0 353 0
3 79 359 0 0 0 353 0
4 15 7 0 0 0 353 0
3
1 198 358 0 0 0 354 0
2 88 1 0 0 0 354 0
3 14 9 0 0 0 354 0
2
1 88 1 0 0 0 355 0
2 13 12 0 0 0 355 0
2
1 88 1 0 0 0 355 0
2 13 14 0 0 0 355 0
3
1 108 358 0 0 0 355 0
2 78 3 0 0 0 355 0
3 13 13 0 0 0 355 0
3
1 108 357 0 0 0 355 0
2 79 2 0 0 0 355 0
3 13 13 0 0 0 355 0
4
1 92 356 0 0 0 354 0
2 107 356 0 0 0 354 0
3 76 4 0 0 0 354 0
4 13 11 0 0 0 354 0
2
1 79 358 0 0 0 353 0
2 14 7 0 0 0 353 0
3
1 92 356 0 0 0 353 0
2 72 358 0 0 0 353 0
3 14 6 0 0 0 353 0
3
1 109 355 0 0 0 352 0
2 72 358 0 0 0 352 0
3 15 6 0 0 0 352 0
4
1 90 355 0 0 0 352 0
2 110 356 0 0 0 352 0
3 71 359 0 0 0 352 0
4 15 6 0 0 0 352 0
4
1 110 356 0 0 0 353 0
2 198 356 0 0 0 353 0
3 71 359 0 0 0 353 0
4 15 6 0 0 0 353 0
3
1 91 357 0 0 0 353 0
2 72 359 0 0 0 353 0
3 15 7 0 0 0 353 0
4
1 90 356 0 0 0 354 0
2 108 356 0 0 0 354 0
3 74 1 0 0 0 354 0
4 14 9 0 0 0 354 0
4
1 101 356 0 0 0 354 0
2 198 357 0 0 0 354 0
3 72 359 0 0 0 354 0
4 13 10 0 0 0 354 0
4
1 108 355 0 0 0 353 0
2 198 356 0 0 0 353 0
3 77 5 0 0 0 353 0
4 13 11 0 0 0 353 0
4
1 109 355 0 0 0 352 0
2 91 356 0 0 0 352 0
3 77 5 0 0 0 352 0
4 13 12 0 0 0 352 0
3
1 110 355 0 0 0 351 0
2 79 2 0 0 0 351 0
3 13 11 0 0 0 351 0
4
1 109 357 0 0 0 351 0
2 198 357 0 0 0 351 0
3 78 3 0 0 0 351 0
4 13 11 0 0 0 351 0
3
1 198 357 0 0 0 351 0
2 88 0 0 0 0 351 0
3 13 12 0 0 0 351 0
3
1 198 357 0 0 0 351 0
2 88 1 0 0 0 351 0
3 13 12 0 0 0 351 0
3
1 198 357 0 0 0 351 0
2 88 1 0 0 0 351 0
3 13 11 0 0 0 351 0
2
1 88 0 0 0 0 352 0
2 14 11 0 0 0 352 0
2
1 88 359 0 0 0 352 0
2 13 11 0 0 0 352 0
2
1 82 357 0 0 0 351 0
2 13 10 0 0 0 351 0
3
1 93 359 0 0 0 351 0
2 70 359 0 0 0 351 0
3 13 10 0 0 0 351 0
2
1 72 358 0 0 0 351 0
2 13 9 0 0 0 351 0
2
1 72 359 0 0 0 350 0
2 13 9 0 0 0 350 0
2
1 72 359 0 0 0 351 0
2 13 8 0 0 0 351 0
3
1 92 359 0 0 0 351 0
2 71 0 0 0 0 351 0
3 13 9 0 0 0 351 0
2
1 75 4 0 0 0 352 0
2 13 10 0 0 0 352 0
3
1 101 358 0 0 0 353 0
2 77 7 0 0 0 353 0
3 13 12 0 0 0 353 0
4
1 110 357 0 0 0 354 0
2 91 358 0 0 0 354 0
3 76 7 0 0 0 354 0
4 13 15 0 0 0 354 0
3
1 198 358 0 0 0 355 0
2 88 2 0 0 0 355 0
3 13 15 0 0 0 355 0
4
1 88 2 0 0 0 355 0
2 193 6 0 0 0 355 0
3 181 12 0 0 0 355 0
4 13 15 0 0 0 355 0
