285
91 358
90 356
91 357
88 359
87 1
88 1
88 1
88 1
92 357
91 355
91 356
95 0
92 358
91 358
87 2
87 1
88 1
88 1
88 359
91 357
92 357
92 358
88 1
88 1
88 1
91 357
91 356
90 356
87 13
91 357
91 357
88 0
88 359
88 359
92 358
90 355
91 356
92 356
92 357
88 12
88 359
88 359
87 358
88 359
88 0
84 359
88 359
88 358
91 357
91 357
90 355
92 357
88 11
86 0
88 0
92 359
92 357
91 357
88 0
88 359
90 355
90 355
92 359
92 358
88 1
88 359
89 9
93 359
91 359
90 355
90 356
87 12
91 357
88 1
88 359
90 356
92 356
88 2
87 2
91 355
91 355
88 2
88 2
88 2
88 1
91 356
90 10
90 355
92 358
88 3
88 2
88 1
88 1
88 359
88 359
88 2
88 2
88 2
88 1
88 1
84 359
83 357
87 1
88 0
87 0
83 358
87 1
87 1
83 0
87 1
88 1
88 1
87 2
88 1
92 357
90 356
90 356
91 356
92 358
89 11
87 2
87 2
88 0
88 359
88 359
88 357
87 358
88 1
88 2
87 2
90 355
91 357
88 358
90 357
88 2
88 2
87 2
87 1
88 0
88 358
88 11
92 356
88 2
88 2
88 1
88 359
91 357
89 355
91 357
88 359
92 357
92 358
91 358
88 0
88 0
88 359
88 359
91 358
91 356
88 2
92 358
88 0
88 0
88 359
88 359
91 357
88 359
87 358
88 0
88 2
88 2
87 1
88 1
91 358
88 1
87 2
88 1
88 1
87 0
87 1
87 2
87 2
88 0
87 357
91 358
92 358
88 359
89 356
93 359
91 356
92 357
89 357
88 11
89 356
88 359
84 0
84 0
87 358
83 2
84 2
88 0
87 1
88 0
84 1
88 0
88 358
92 357
90 355
89 356
90 356
86 2
87 2
88 1
88 0
88 359
92 357
88 2
88 1
88 0
89 359
91 356
91 355
92 357
90 356
91 357
87 12
90 355
91 354
88 0
88 2
88 1
88 1
92 356
89 355
92 357
90 355
87 358
87 2
88 1
91 356
91 355
91 354
91 355
91 358
90 13
88 1
88 2
88 1
88 1
88 1
88 359
88 358
91 357
91 11
91 358
90 13
92 358
91 355
88 359
88 0
88 1
88 1
88 2
90 356
88 11
90 356
90 356
88 1
88 1
88 1
92 356
92 356
90 355
91 357
90 356
91 356
88 0
88 1
88 1
88 0
88 359
92 359
91 358
88 2
88 2
