452
87 2.4609 0.4 248.7
87 2.4609 0.4 248.7
87 2.4609 0.4 248.7
90 2.3566 0 309.79
90 2.3566 0 309.79
90 2.3566 0 309.79
90 2.3566 0 309.79
90 2.3566 0 309.79
90 2.3566 0 309.79
90 2.3566 0 309.79
90 2.3566 0 309.79
90 2.3566 0 309.79
90 2.3566 0.6 84.853
90 2.3566 0.6 84.853
90 2.3566 0.6 84.853
90 2.3566 0.6 84.853
90 2.3566 0.6 84.853
90 2.3566 0.6 84.853
90 2.3566 0.6 84.853
90 2.3566 0.6 84.853
90 2.3566 0.6 84.853
90 2.3566 0.3 111.66
90 2.3566 0.3 111.66
90 2.3566 0.3 111.66
90 2.3566 0.3 111.66
90 2.3566 0.3 111.66
90 2.3566 0.3 111.66
90 2.3566 0.3 111.66
90 2.3566 0.2 99.289
90 2.3566 0.2 99.289
90 2.3566 0.2 99.289
90 2.3566 0.2 99.289
90 2.3566 0.2 99.289
90 2.3566 0.2 99.289
90 2.3566 0.2 99.289
90 2.3566 0.2 99.289
90 2.3566 0.2 99.289
90 2.3566 0.3 140.2
90 2.3566 0.3 140.2
90 2.3566 0.3 140.2
90 2.3566 0.3 140.2
90 2.3566 0.3 140.2
90 2.3566 0.3 140.2
90 2.3566 0.3 140.2
90 2.3566 0.3 140.2
90 2.3566 0.3 140.2
90 2.3566 0.1 107.3
90 2.3566 0.1 107.3
90 2.3566 0.1 107.3
90 2.3566 0.1 107.3
90 2.3566 0.1 107.3
90 2.3566 0.1 107.3
90 2.3566 0.1 107.3
90 2.3566 0.1 107.3
90 2.3566 0.1 17.672
90 2.3566 0.1 17.672
90 2.3566 0.1 17.672
90 2.3566 0.1 17.672
90 2.3566 0.1 17.672
90 2.3566 0.1 17.672
90 2.3566 0.1 17.672
90 2.3566 0.1 17.672
90 0.67566 0.2 118.87
90 0.67566 0.2 118.87
90 0.67566 0.2 118.87
90 0.67566 0.2 118.87
90 0.67566 0.2 118.87
90 0.67566 0.2 118.87
90 0.67566 0.2 118.87
90 0.67566 0.2 118.87
90 0.67566 0.2 247.35
90 0.67566 0.2 247.35
90 0.67566 0.2 247.35
90 0.67566 0.2 247.35
90 0.67566 0.2 247.35
90 0.67566 0.2 247.35
90 0.67566 0.2 247.35
90 0.67566 0.2 247.35
90 0.67566 0.2 247.35
90 0.67566 0.3 265.68
90 0.67566 0.3 265.68
90 0.67566 0.3 265.68
90 0.67566 0.3 265.68
90 0.67566 0.3 265.68
90 0.67566 0.3 265.68
90 0.67566 0.3 265.68
90 0.67566 0.3 265.68
87 0.73059 0.4 80.997
87 0.73059 0.4 80.997
87 0.73059 0.4 80.997
87 0.73059 0.4 80.997
87 0.73059 0.4 80.997
87 0.73059 0.4 80.997
87 0.73059 0.4 80.997
87 0.73059 0.4 80.997
87 2.4609 0.4 289.49
87 2.4609 0.4 289.49
87 2.4609 0.4 289.49
87 2.4609 0.4 289.49
87 2.4609 0.4 289.49
87 2.4609 0.4 289.49
87 2.4609 0.4 289.49
87 2.4609 0.4 289.49
87 2.4609 0.8 275.69
87 2.4609 0.8 275.69
87 2.4609 0.8 275.69
87 2.4609 0.8 275.69
87 2.4609 0.8 275.69
87 2.4609 0.8 275.69
87 2.4609 0.8 275.69
87 2.4609 0.8 275.69
87 2.4609 0.8 275.69
87 2.4609 0.6 259.89
87 2.4609 0.6 259.89
87 2.4609 0.6 259.89
87 2.4609 0.6 259.89
87 2.4609 0.6 259.89
87 2.4609 0.6 259.89
87 2.4609 0.6 259.89
87 2.4609 0.6 259.89
87 2.4609 0.3 33.19
87 2.4609 0.3 33.19
87 2.4609 0.3 33.19
87 2.4609 0.3 33.19
87 2.4609 0.3 33.19
87 2.4609 0.3 33.19
87 2.4609 0.3 33.19
87 2.4609 0.3 33.19
87 2.4609 0.5 225.5
87 2.4609 0.5 225.5
87 2.4609 0.5 225.5
87 2.4609 0.5 225.5
87 2.4609 0.5 225.5
87 2.4609 0.5 225.5
87 2.4609 0.5 225.5
87 2.4609 0.5 225.5
87 2.4609 0.5 225.5
90 2.3566 0.8 259.19
90 2.3566 0.8 259.19
90 2.3566 0.8 259.19
90 2.3566 0.8 259.19
90 2.3566 0.8 259.19
90 2.3566 0.8 259.19
90 2.3566 0.8 259.19
90 2.3566 0.8 259.19
87 2.4609 0.6 87.995
87 2.4609 0.6 87.995
87 2.4609 0.6 87.995
87 2.4609 0.6 87.995
87 2.4609 0.6 87.995
87 2.4609 0.6 87.995
87 2.4609 0.6 87.995
87 2.4609 0.6 87.995
87 2.4609 0.6 87.995
87 2.4609 0.8 79.893
87 2.4609 0.8 79.893
87 2.4609 0.8 79.893
87 2.4609 0.8 79.893
87 2.4609 0.8 79.893
87 2.4609 0.8 79.893
87 2.4609 0.8 79.893
87 2.4609 0.8 79.893
87 0.73059 0.6 71.697
87 0.73059 0.6 71.697
87 0.73059 0.6 71.697
87 0.73059 0.6 71.697
87 0.73059 0.6 71.697
87 0.73059 0.6 71.697
87 0.73059 0.6 71.697
87 0.73059 0.6 71.697
87 0.73059 0.1 38.694
87 0.73059 0.1 38.694
87 0.73059 0.1 38.694
87 0.73059 0.1 38.694
87 0.73059 0.1 38.694
87 0.73059 0.1 38.694
87 0.73059 0.1 38.694
87 0.73059 0.1 38.694
87 0.73059 0.1 38.694
87 2.4609 0.6 88.594
87 2.4609 0.6 88.594
87 2.4609 0.6 88.594
87 2.4609 0.6 88.594
87 2.4609 0.6 88.594
87 2.4609 0.6 88.594
87 2.4609 0.6 88.594
87 2.4609 0.6 88.594
87 0.73059 0.2 264.6
87 0.73059 0.2 264.6
87 0.73059 0.2 264.6
87 0.73059 0.2 264.6
87 0.73059 0.2 264.6
87 0.73059 0.2 264.6
87 0.73059 0.2 264.6
87 0.73059 0.2 264.6
87 0.73059 0.2 264.6
87 2.4609 0.2 77.8
87 2.4609 0.2 77.8
87 2.4609 0.2 77.8
87 2.4609 0.2 77.8
87 2.4609 0.2 77.8
87 2.4609 0.2 77.8
87 2.4609 0.2 77.8
87 2.4609 0.2 77.8
87 2.4609 0.6 73.191
87 2.4609 0.6 73.191
87 2.4609 0.6 73.191
87 2.4609 0.6 73.191
87 2.4609 0.6 73.191
87 2.4609 0.6 73.191
87 2.4609 0.6 73.191
87 2.4609 0.6 73.191
87 2.4609 0.6 73.191
87 2.4609 0.6 250.49
87 2.4609 0.6 250.49
87 2.4609 0.6 250.49
87 2.4609 0.6 250.49
87 2.4609 0.6 250.49
87 2.4609 0.6 250.49
87 2.4609 0.6 250.49
87 2.4609 0.6 250.49
87 2.4609 0.6 260.6
87 2.4609 0.6 260.6
87 2.4609 0.6 260.6
87 2.4609 0.6 260.6
87 2.4609 0.6 260.6
87 2.4609 0.6 260.6
87 2.4609 0.6 260.6
87 2.4609 0.6 260.6
87 2.4609 0.6 260.6
87 2.4609 0.1 324.6
87 2.4609 0.1 324.6
87 2.4609 0.1 324.6
87 2.4609 0.1 324.6
87 2.4609 0.1 324.6
87 2.4609 0.1 324.6
87 2.4609 0.1 324.6
87 2.4609 0.1 324.6
87 0.73059 0.2 260
87 0.73059 0.2 260
87 0.73059 0.2 260
87 0.73059 0.2 260
87 0.73059 0.2 260
87 0.73059 0.2 260
87 0.73059 0.2 260
87 0.73059 0.2 260
87 0.73059 0.6 226.89
87 0.73059 0.6 226.89
87 0.73059 0.6 226.89
87 0.73059 0.6 226.89
87 0.73059 0.6 226.89
87 0.73059 0.6 226.89
87 0.73059 0.6 226.89
87 0.73059 0.6 226.89
87 0.73059 0.6 226.89
87 0.73059 0.3 64.693
87 0.73059 0.3 64.693
87 0.73059 0.3 64.693
87 0.73059 0.3 64.693
87 0.73059 0.3 64.693
87 0.73059 0.3 64.693
87 0.73059 0.3 64.693
87 0.73059 0.3 64.693
87 2.4609 0 58.31
87 2.4609 0 58.31
87 2.4609 0 58.31
87 2.4609 0 58.31
87 2.4609 0 58.31
87 2.4609 0 58.31
87 2.4609 0 58.31
87 2.4609 0 58.31
87 2.4609 0.1 221.89
87 2.4609 0.1 221.89
87 2.4609 0.1 221.89
87 2.4609 0.1 221.89
87 2.4609 0.1 221.89
87 2.4609 0.1 221.89
87 2.4609 0.1 221.89
87 2.4609 0.1 221.89
87 2.4609 0.1 221.89
87 2.4609 0.1 11.492
87 2.4609 0.1 11.492
87 2.4609 0.1 11.492
87 2.4609 0.1 11.492
87 2.4609 0.1 11.492
87 2.4609 0.1 11.492
87 2.4609 0.1 11.492
87 2.4609 0.1 11.492
87 2.4609 0.1 11.492
87 2.4609 0.3 59.266
87 2.4609 0.3 59.266
87 2.4609 0.3 59.266
87 2.4609 0.3 59.266
87 2.4609 0.3 59.266
87 2.4609 0.3 59.266
87 2.4609 0.3 59.266
87 2.4609 0.3 59.266
87 0.73059 0.3 320
87 0.73059 0.3 320
87 0.73059 0.3 320
87 0.73059 0.3 320
87 0.73059 0.3 320
87 0.73059 0.3 320
87 0.73059 0.3 320
87 0.73059 0.3 320
87 0.73059 0.6 281.97
87 0.73059 0.6 281.97
87 0.73059 0.6 281.97
87 0.73059 0.6 281.97
87 0.73059 0.6 281.97
87 0.73059 0.6 281.97
87 0.73059 0.6 281.97
87 0.73059 0.6 281.97
87 0.73059 0.6 281.97
87 0.73059 0.2 315.6
87 0.73059 0.2 315.6
87 0.73059 0.2 315.6
87 0.73059 0.2 315.6
87 0.73059 0.2 315.6
87 0.73059 0.2 315.6
87 0.73059 0.2 315.6
87 0.73059 0.2 315.6
87 0.73059 0.1 284.8
87 0.73059 0.1 284.8
87 0.73059 0.1 284.8
87 0.73059 0.1 284.8
87 0.73059 0.1 284.8
87 0.73059 0.1 284.8
87 0.73059 0.1 284.8
87 0.73059 0.1 284.8
87 0.73059 0.1 284.8
87 0.73059 0.4 197.49
87 0.73059 0.4 197.49
87 0.73059 0.4 197.49
87 0.73059 0.4 197.49
87 0.73059 0.4 197.49
87 0.73059 0.4 197.49
87 0.73059 0.4 197.49
87 0.73059 0.4 197.49
87 0.73059 0.2 174.12
87 0.73059 0.2 174.12
87 0.73059 0.2 174.12
87 0.73059 0.2 174.12
87 0.73059 0.2 174.12
87 0.73059 0.2 174.12
87 0.73059 0.2 174.12
87 0.73059 0.2 174.12
87 0.73059 0.2 174.12
87 0.73059 0.3 188.14
87 0.73059 0.3 188.14
87 0.73059 0.3 188.14
87 0.73059 0.3 188.14
87 0.73059 0.3 188.14
87 0.73059 0.3 188.14
87 0.73059 0.3 188.14
87 0.73059 0.3 188.14
90 0.67566 0.3 244.41
90 0.67566 0.3 244.41
90 0.67566 0.3 244.41
90 0.67566 0.3 244.41
90 0.67566 0.3 244.41
90 0.67566 0.3 244.41
90 0.67566 0.3 244.41
90 0.67566 0.3 244.41
90 0.67566 0.1 359.84
90 0.67566 0.1 359.84
90 0.67566 0.1 359.84
90 0.67566 0.1 359.84
90 0.67566 0.1 359.84
90 0.67566 0.1 359.84
90 0.67566 0.1 359.84
90 0.67566 0.1 359.84
90 0.67566 0.1 359.84
90 0.67566 0.6 87.792
90 0.67566 0.6 87.792
90 0.67566 0.6 87.792
90 0.67566 0.6 87.792
90 0.67566 0.6 87.792
90 0.67566 0.6 87.792
90 0.67566 0.6 87.792
90 0.67566 0.6 87.792
90 0.67566 0.6 53.795
90 0.67566 0.6 53.795
90 0.67566 0.6 53.795
90 0.67566 0.6 53.795
90 0.67566 0.6 53.795
90 0.67566 0.6 53.795
90 0.67566 0.6 53.795
90 0.67566 0.6 53.795
87 0.73059 0.6 290.39
87 0.73059 0.6 290.39
87 0.73059 0.6 290.39
87 0.73059 0.6 290.39
87 0.73059 0.6 290.39
87 0.73059 0.6 290.39
87 0.73059 0.6 290.39
87 0.73059 0.6 290.39
87 0.73059 0.6 290.39
90 0.67566 0.8 274.39
90 0.67566 0.8 274.39
90 0.67566 0.8 274.39
90 0.67566 0.8 274.39
90 0.67566 0.8 274.39
90 0.67566 0.8 274.39
90 0.67566 0.8 274.39
90 0.67566 0.8 274.39
90 0.67566 0.8 274.39
90 0.67566 0.8 274.39
90 0.67566 0.8 274.39
90 0.67566 0.8 274.39
90 0.67566 0.8 274.39
90 0.67566 0.8 274.39
90 0.67566 0.8 274.39
90 0.67566 0.8 274.39
90 0.67566 0.3 83.194
90 0.67566 0.3 83.194
90 0.67566 0.3 83.194
90 0.67566 0.3 83.194
90 0.67566 0.3 83.194
90 0.67566 0.3 83.194
90 0.67566 0.3 83.194
90 0.67566 0.3 83.194
90 0.67566 0.1 276.79
90 0.67566 0.1 276.79
90 0.67566 0.1 276.79
90 0.67566 0.1 276.79
90 0.67566 0.1 276.79
90 0.67566 0.1 276.79
90 0.67566 0.1 276.79
90 0.67566 0.1 276.79
90 0.67566 0.1 276.79
90 0.67566 0.1 229.69
90 0.67566 0.1 229.69
90 0.67566 0.1 229.69
90 0.67566 0.1 229.69
90 0.67566 0.1 229.69
90 0.67566 0.1 229.69
90 0.67566 0.1 229.69
90 0.67566 0.1 229.69
87 0.73059 0.3 77.69
87 0.73059 0.3 77.69
87 0.73059 0.3 77.69
87 0.73059 0.3 77.69
87 0.73059 0.3 77.69
87 0.73059 0.3 77.69
87 0.73059 0.3 77.69
87 0.73059 0.3 77.69
90 2.3566 0.6 55.431
90 2.3566 0.6 55.431
90 2.3566 0.6 55.431
90 2.3566 0.6 55.431
90 2.3566 0.6 55.431
